0  0  0  0  0  0  0  0  0  0  0  0  0  0  0  0  0  0  0  
0  0  0  0  0  0  0  0  0  0  0  0  0  0  0  0  0  0  0  
0  0 10 10  0  0 10 10  0  0  0 10 10 10 10 10  0  0  0  
0  0 10 10  0  0 10 10  0  0  0  0  0  0  0 10 10  0  0  
0  0 10 10  0  0 10 10  0  0  0  0  0  0  0 10 10  0  0  
0  0 10 10 10 10 10 10  0  0  0  0 10 10 10 10  0  0  0  
0  0  0 10 10 10 10 10  0  0  0 10 10  0  0  0  0  0  0  
0  0  0  0  0  0 10 10  0  0  0 10 10  0  0  0  0  0  0  
0  0  0  0  0  0 10 10  0  0  0 10 10 10 10 10 10  0  0  
0  0  0  0  0  0  0  0  0  0  0  0  0  0  0  0  0  0  0  
0  0  0  0  0  0  0  0  0  0  0  0  0  0  0  0  0  0  0  
   rows:|11|
columns:|19|

